1
ret: 0.35482619367427115
mtx:
 [[8.95928165e+02 0.00000000e+00 1.08937880e+03]
 [0.00000000e+00 1.00382207e+03 6.92643453e+02]
 [0.00000000e+00 0.00000000e+00 1.00000000e+00]]
dist:
 [[-0.31205991  0.42359146 -0.02616497 -0.0177766  -0.05112838]]
rvecs:
 (array([[-0.48720614],
       [-0.26672934],
       [-0.0253789 ]]),)
tvecs:
 (array([[-0.92160741],
       [-3.77371173],
       [ 9.07426955]]),)
-----------------------------------------------------
[[1.02580427e+03 0.00000000e+00 9.43325040e+02]
 [0.00000000e+00 9.52663103e+02 6.61394858e+02]
 [0.00000000e+00 0.00000000e+00 1.00000000e+00]]
------------------使用undistort函数-------------------
方法一:dst的大小为: (617, 1491, 3)